-1.38360596 8.96746826 10.67730713 90 90 64 -539.000000
-1.52984619 1.64105225 10.00500488 132 116 101 121.000000
-1.52935791 1.64123535 10.00195312 112 105 95 -147.000000
-1.52496338 0.68499756 9.93829346 84 78 67 -105.000000
-1.53912354 0.65191650 9.93798828 68 57 47 -427.000000
-1.51434326 0.39123535 9.90490723 105 93 79 -326.000000
-1.59295654 0.40240479 9.69445801 59 50 41 -896.000000
-1.58862305 0.30737305 9.69226074 171 139 114 50.000000
-1.59320068 0.30572510 9.68731689 102 77 60 -663.000000
-1.60113525 0.27838135 9.67962646 55 40 34 -945.000000
-1.60058594 0.27734375 9.67419434 143 123 105 -1078.000000
-1.59655762 0.30871582 9.67810059 83 58 46 -736.000000
-1.60021973 0.28381348 9.67767334 75 66 57 -721.000000
-1.59918213 0.28906250 9.67645264 60 43 37 -840.000000
-1.59619141 0.28143311 9.68334961 144 119 98 -387.000000
-1.59960938 0.29071045 9.68145752 58 43 36 -430.000000
-1.59771729 0.30120850 9.67840576 62 44 33 -561.000000
-1.59326172 0.29925537 9.68011475 87 64 48 -230.000000
-1.59356689 0.29479980 9.67773438 106 87 71 -353.000000
-1.59368896 0.33154297 9.67913818 88 70 60 -1039.000000
-1.59680176 0.34625244 9.68273926 68 43 36 -1169.000000
-1.59295654 0.33557129 9.67950439 138 105 83 -863.000000
-1.59075928 0.32177734 9.68566895 112 87 68 -747.000000
-1.59155273 0.31530762 9.68499756 126 96 76 -993.000000
-1.59313965 0.33807373 9.68365479 123 95 77 -874.000000
-1.58984375 0.32849121 9.68591309 179 138 112 -474.000000
-1.59069824 0.29315186 9.69226074 109 82 66 -543.000000
-1.59405518 0.27691650 9.70043945 111 87 70 -752.000000
-1.59478760 0.29663086 9.68902588 147 125 104 -488.000000
-1.59155273 0.29296875 9.69891357 102 78 63 -723.000000
-1.59368896 0.28308105 9.69561768 91 75 62 -431.000000
-1.58843994 0.29223633 9.71258545 140 110 90 -274.000000
-1.58679199 0.30834961 9.71746826 126 102 82 -660.000000
-1.59173584 0.27636719 9.72045898 104 78 63 -162.000000
-1.58929443 0.27917480 9.74414062 110 86 68 -858.000000
-1.59063721 0.27209473 9.74511719 96 80 64 -863.000000
-1.58996582 0.27362061 9.74261475 126 97 80 -295.000000
-1.58074951 0.27337646 9.74938965 116 92 75 -457.000000
-1.58917236 0.30236816 9.72937012 125 99 79 -804.000000
-1.58770752 0.28295898 9.72198486 81 71 61 -603.000000
-1.58776855 0.29284668 9.74304199 86 72 59 -739.000000
-1.58880615 0.28454590 9.74572754 117 97 81 -584.000000
-1.58709717 0.29437256 9.74328613 124 99 80 -769.000000
-1.58898926 0.30957031 9.73583984 168 139 108 -671.000000
-1.58966064 0.30371094 9.73474121 114 86 65 -1122.000000
-1.58734131 0.29907227 9.74865723 81 67 56 -1174.000000
-1.58581543 0.30255127 9.74230957 127 102 80 -703.000000
-1.58569336 0.30963135 9.74890137 134 108 87 -1099.000000
-1.58636475 0.33190918 9.68762207 122 106 91 -339.000000
-1.59381104 0.33886719 9.68951416 154 126 101 -623.000000
-1.59381104 0.34167480 9.70007324 112 105 76 128.000000
-1.59503174 0.36914062 9.69415283 89 64 50 -650.000000
-1.59521484 0.36517334 9.69128418 125 94 75 -461.000000
-1.59545898 0.37072754 9.69909668 116 86 67 -609.000000
-1.58996582 0.33428955 9.69366455 111 80 61 -460.000000
-1.59094238 0.32769775 9.69317627 187 150 118 -551.000000
-1.58740234 0.31524658 9.69158936 199 171 143 348.000000
-1.58862305 0.31506348 9.68768311 128 109 92 -124.000000
-1.58764648 0.31774902 9.69580078 139 109 93 -209.000000
-1.58697510 0.32360840 9.69689941 144 106 82 -241.000000
-1.58367920 0.31390381 9.69927979 191 159 134 -480.000000
1.36126709 7.02209473 10.64038086 37 34 28 163.000000
-1.58697510 0.33233643 9.69622803 112 95 77 -296.000000
3.42034912 4.53240967 10.40496826 74 65 58 -898.000000
-1.58905029 0.32702637 9.71636963 92 78 65 -852.000000
-1.58398438 0.31604004 9.70379639 187 157 137 -341.000000
-1.58782959 0.33074951 9.70574951 105 92 75 -305.000000
-1.31719971 6.66485596 10.54998779 53 46 40 -574.000000
-1.58880615 0.32971191 9.71734619 150 118 89 -814.000000
-1.58795166 0.33593750 9.71813965 153 124 99 -983.000000
-0.80499268 6.88732910 10.57299805 170 162 141 -46.000000
-1.58825684 0.34729004 9.69470215 183 163 118 238.000000
-0.70617676 12.15362549 11.20086670 101 95 80 -632.000000
-1.58905029 0.34753418 9.70098877 224 200 159 232.000000
-1.59320068 0.35083008 9.69793701 96 72 51 -371.000000
-1.59326172 0.35369873 9.70178223 182 151 120 -376.000000
0.72052002 7.23693848 10.64672852 114 110 99 528.000000
0.05645752 6.23602295 10.54382324 174 163 141 -245.000000
-1.59277344 0.35101318 9.70385742 106 89 71 -475.000000
-1.59106445 0.34643555 9.71508789 165 139 112 -780.000000
-1.59002686 0.35681152 9.71856689 140 120 91 -961.000000
3.87377930 10.37304688 12.26403809 196 179 153 -745.000000
2.01129150 12.80035400 11.42852783 149 113 89 -952.000000
-1.59295654 0.36456299 9.71142578 140 110 88 -826.000000
-1.59222412 0.37060547 9.71234131 143 115 93 -649.000000
6.86254883 10.85455322 12.40093994 38 34 31 -638.000000
-1.58941650 0.32897949 9.72412109 86 67 52 -731.000000
-1.58978271 0.33044434 9.73217773 106 89 79 -1255.000000
-0.25097656 11.09094238 11.08813477 101 89 74 210.000000
-1.59051514 0.33258057 9.73431396 48 34 28 -1315.000000
-1.58898926 0.34191895 9.73236084 56 42 30 -1064.000000
1.56768799 8.85278320 10.86334229 54 49 45 -784.000000
-1.58764648 0.31817627 9.73449707 127 105 85 -1502.000000
-0.02484131 13.80468750 11.42657471 211 188 156 -772.000000
0.67596436 6.03582764 10.52368164 103 97 83 -648.000000
-1.58984375 0.33319092 9.73956299 63 50 42 -1298.000000
1.50390625 11.92877197 11.24945068 137 126 108 -773.000000
0.48663330 7.77520752 10.74731445 71 62 56 271.000000
1.59753418 12.32464600 11.31518555 179 162 137 76.000000
-1.58154297 0.33862305 9.74847412 199 170 139 -143.000000
